0,66,81,9,3,7,6,2,2,20,3,3,8,4,3,4,4,0,29,2,12,2,5,1,2,8,7,1,1,3,0,0,25,8,1,6,2,5,1,1,3,18,7,2,3,8,7,6,3,15,4,12,12,8,14,11,9,16,12,12,6,7,11,10,13,10,12,11,10,0,0,0,0,0,4,13,6,5,0
0,2,3,0,0,0,0,0,0,0,0,0,0,0,0,0,2,0,0,3,0,2,3,1,0,0,0,1,4,1,0,0,0,0,0,0,0,0,0,0,0,1,5,0,0,0,0,0,0,0,0,0,0,0,0,0,0,0,0,0,2,0,0,4,4,4,2,0,2,0,0,0,0,0,0,0,0,0,0
0,2,0,0,0,0,0,0,0,0,0,0,0,0,0,0,0,0,0,0,0,0,0,0,0,0,0,0,0,0,0,0,0,0,0,0,0,0,0,0,0,0,0,0,0,0,0,0,0,0,0,0,0,0,0,0,0,0,0,0,0,0,0,0,0,0,0,0,0,0,0,0,0,0,0,0,0,0,0
0,52,18,12,4,3,4,1,2,15,4,3,6,3,2,4,1,5,2,31,4,8,5,8,0,0,1,0,0,0,5,5,0,0,3,0,0,0,1,5,0,2,0,0,4,0,0,0,0,2,2,0,13,5,4,3,13,8,5,9,2,0,0,4,10,3,3,0,2,13,10,21,4,10,2,0,0,0,10
0,122,102,21,7,10,10,3,4,35,7,6,14,7,5,8,7,5,31,36,16,12,13,10,2,8,8,2,5,4,5,5,25,8,4,6,2,5,2,6,3,21,12,2,7,8,7,6,3,17,6,12,25,13,18,14,22,24,17,21,10,7,11,18,27,17,17,11,14,13,10,21,4,10,6,13,6,5,10
0,69,81,9,3,7,6,2,2,20,3,3,8,4,3,4,4,0,29,2,12,2,1,8,2,8,7,0,1,3,0,0,25,8,1,6,2,5,1,1,3,18,7,2,3,8,7,6,3,12,4,12,12,13,14,11,12,21,12,14,6,7,11,8,8,10,12,11,10,0,0,0,0,0,4,13,6,5,0
0,2,3,0,0,0,0,0,0,0,0,0,0,0,0,0,2,0,0,3,0,5,5,1,0,0,0,1,4,1,0,0,0,0,0,0,0,0,0,0,0,1,5,0,0,0,0,0,0,0,0,0,0,0,0,0,0,0,0,0,2,0,0,4,4,6,2,0,2,0,0,0,0,0,0,0,0,0,0
0,2,0,0,0,0,0,0,0,0,0,0,0,0,0,0,0,0,0,0,0,0,0,0,0,0,0,0,0,0,0,0,0,0,0,0,0,0,0,0,0,0,0,0,0,0,0,0,0,0,0,0,0,0,0,0,0,0,0,0,0,0,0,0,0,0,0,0,0,0,0,0,0,0,0,0,0,0,0
0,49,18,12,4,3,4,1,2,15,4,3,6,3,2,4,1,5,2,31,4,5,7,1,0,0,1,1,0,0,5,5,0,0,3,0,0,0,1,5,0,2,0,0,4,0,0,0,0,5,2,0,13,0,4,3,10,3,5,7,2,0,0,6,15,1,3,0,2,13,10,21,4,10,2,0,0,0,10
0,122,102,21,7,10,10,3,4,35,7,6,14,7,5,8,7,5,31,36,16,12,13,10,2,8,8,2,5,4,5,5,25,8,4,6,2,5,2,6,3,21,12,2,7,8,7,6,3,17,6,12,25,13,18,14,22,24,17,21,10,7,11,18,27,17,17,11,14,13,10,21,4,10,6,13,6,5,10
0,63,81,9,3,7,6,2,2,20,3,3,8,4,3,4,4,0,29,1,12,2,5,5,2,8,7,1,1,3,0,0,25,8,1,6,2,5,1,1,3,18,7,2,3,8,7,6,3,15,4,12,9,13,14,11,8,15,12,18,6,7,11,14,13,10,10,11,7,0,0,0,0,0,4,13,6,5,0
0,2,3,0,0,0,0,0,0,0,0,0,0,0,0,0,2,0,0,3,0,2,1,1,0,0,0,1,4,1,0,0,0,0,0,0,0,0,0,0,0,1,5,0,0,0,0,0,0,0,0,0,0,0,0,0,0,0,0,0,2,0,0,4,4,5,2,0,2,0,0,0,0,0,0,0,0,0,0
0,2,0,0,0,0,0,0,0,0,0,0,0,0,0,0,0,0,0,0,0,0,0,0,0,0,0,0,0,0,0,0,0,0,0,0,0,0,0,0,0,0,0,0,0,0,0,0,0,0,0,0,0,0,0,0,0,0,0,0,0,0,0,0,0,0,0,0,0,0,0,0,0,0,0,0,0,0,0
0,54,18,12,4,3,4,1,2,15,4,3,6,3,2,4,1,5,2,32,4,8,7,4,0,0,1,0,0,0,5,5,0,0,3,0,0,0,1,5,0,2,0,0,4,0,0,0,0,2,2,0,14,0,4,3,14,9,5,3,2,0,0,0,13,2,5,0,5,13,10,21,4,10,2,0,0,0,10
0,121,102,21,7,10,10,3,4,35,7,6,14,7,5,8,7,5,31,36,16,12,13,10,2,8,8,2,5,4,5,5,25,8,4,6,2,5,2,6,3,21,12,2,7,8,7,6,3,17,6,12,23,13,18,14,22,24,17,21,10,7,11,18,30,17,17,11,14,13,10,21,4,10,6,13,6,5,10
0,77,81,9,3,7,6,2,2,20,3,3,8,4,3,4,4,0,29,0,12,2,5,5,2,8,7,1,1,3,0,0,25,8,1,6,2,5,1,1,3,18,7,2,3,8,7,6,3,15,4,12,10,10,10,11,14,16,12,15,6,4,11,11,15,10,10,11,8,0,0,0,0,0,4,13,6,5,0
0,2,3,0,0,0,0,0,0,0,0,0,0,0,0,0,2,0,0,3,0,1,5,1,0,0,0,1,4,1,0,0,0,0,0,0,0,0,0,0,0,1,5,0,0,0,0,0,0,0,0,0,0,0,0,0,0,0,0,0,2,0,0,3,4,3,2,0,2,0,0,0,0,0,0,0,0,0,0
0,2,0,0,0,0,0,0,0,0,0,0,0,0,0,0,0,0,0,0,0,0,0,0,0,0,0,0,0,0,0,0,0,0,0,0,0,0,0,0,0,0,0,0,0,0,0,0,0,0,0,0,0,0,0,0,0,0,0,0,0,0,0,0,0,0,0,0,0,0,0,0,0,0,0,0,0,0,0
0,41,18,12,4,3,4,1,2,15,4,3,6,3,2,4,1,5,2,33,4,9,3,4,0,0,1,0,0,0,5,5,0,0,3,0,0,0,1,5,0,2,0,0,4,0,0,0,0,2,2,0,13,3,8,3,8,8,5,6,2,3,0,3,11,4,5,0,4,13,10,21,4,10,2,0,0,0,10
0,122,102,21,7,10,10,3,4,35,7,6,14,7,5,8,7,5,31,36,16,12,13,10,2,8,8,2,5,4,5,5,25,8,4,6,2,5,2,6,3,21,12,2,7,8,7,6,3,17,6,12,23,13,18,14,22,24,17,21,10,7,11,17,30,17,17,11,14,13,10,21,4,10,6,13,6,5,10
0,75,81,9,3,7,6,2,2,20,3,3,8,4,3,4,4,0,29,2,12,2,4,8,2,8,7,0,1,3,0,0,25,8,1,6,2,5,1,1,3,18,7,2,3,8,7,6,3,10,4,12,16,13,14,11,13,12,12,12,6,7,11,9,15,9,9,11,12,0,0,0,0,0,4,13,6,5,0
0,2,3,0,0,0,0,0,0,0,0,0,0,0,0,0,2,0,0,3,0,2,2,1,0,0,0,1,4,1,0,0,0,0,0,0,0,0,0,0,0,1,5,0,0,0,0,0,0,0,0,0,0,0,0,0,0,0,0,0,2,0,0,4,4,7,2,0,2,0,0,0,0,0,0,0,0,0,0
0,2,0,0,0,0,0,0,0,0,0,0,0,0,0,0,0,0,0,0,0,0,0,0,0,0,0,0,0,0,0,0,0,0,0,0,0,0,0,0,0,0,0,0,0,0,0,0,0,0,0,0,0,0,0,0,0,0,0,0,0,0,0,0,0,0,0,0,0,0,0,0,0,0,0,0,0,0,0
0,43,18,12,4,3,4,1,2,15,4,3,6,3,2,4,1,5,2,31,4,8,7,1,0,0,1,1,0,0,5,5,0,0,3,0,0,0,1,5,0,2,0,0,4,0,0,0,0,7,2,0,13,0,4,3,9,8,5,6,2,0,0,5,11,1,6,0,0,13,10,21,4,10,2,0,0,0,10
0,122,102,21,7,10,10,3,4,35,7,6,14,7,5,8,7,5,31,36,16,12,13,10,2,8,8,2,5,4,5,5,25,8,4,6,2,5,2,6,3,21,12,2,7,8,7,6,3,17,6,12,29,13,18,14,22,20,17,18,10,7,11,18,30,17,17,11,14,13,10,21,4,10,6,13,6,5,10
0,71,81,9,3,7,6,2,2,20,3,3,8,4,3,4,4,0,29,2,12,2,5,5,2,8,7,1,1,3,0,0,25,8,1,6,2,5,1,1,3,18,7,2,3,8,7,6,3,13,4,12,11,9,16,11,10,17,12,18,6,7,11,11,11,10,12,11,12,0,0,0,0,0,4,13,6,5,0
0,2,3,0,0,0,0,0,0,0,0,0,0,0,0,0,2,0,0,3,0,5,6,1,0,0,0,1,4,1,0,0,0,0,0,0,0,0,0,0,0,1,4,0,0,0,0,0,0,0,0,0,0,0,0,0,0,0,0,0,2,0,0,4,4,7,2,0,2,0,0,0,0,0,0,0,0,0,0
0,2,0,0,0,0,0,0,0,0,0,0,0,0,0,0,0,0,0,0,0,0,0,0,0,0,0,0,0,0,0,0,0,0,0,0,0,0,0,0,0,0,0,0,0,0,0,0,0,0,0,0,0,0,0,0,0,0,0,0,0,0,0,0,0,0,0,0,0,0,0,0,0,0,0,0,0,0,0
0,47,18,12,4,3,4,1,2,15,4,3,6,3,2,4,1,5,2,31,4,5,2,4,0,0,1,0,0,0,5,5,0,0,3,0,0,0,1,5,0,2,1,0,4,0,0,0,0,4,2,0,12,4,2,3,12,7,5,3,2,0,0,3,14,0,3,0,0,13,10,21,4,10,2,0,0,0,10
0,122,102,21,7,10,10,3,4,35,7,6,14,7,5,8,7,5,31,36,16,12,13,10,2,8,8,2,5,4,5,5,25,8,4,6,2,5,2,6,3,21,12,2,7,8,7,6,3,17,6,12,23,13,18,14,22,24,17,21,10,7,11,18,29,17,17,11,14,13,10,21,4,10,6,13,6,5,10
0,65,81,9,3,7,6,2,2,20,3,3,8,4,3,4,4,0,27,3,12,2,5,8,2,8,7,1,1,3,0,0,25,8,1,6,2,5,1,1,3,18,7,2,3,8,7,6,3,11,4,11,16,13,15,10,12,14,10,15,6,7,11,13,5,10,12,11,12,0,0,0,0,0,4,13,6,5,0
0,2,3,0,0,0,0,0,0,0,0,0,0,0,0,0,2,0,0,3,0,5,4,1,0,0,0,1,4,1,0,0,0,0,0,0,0,0,0,0,0,1,5,0,0,0,0,0,0,0,0,0,0,0,0,0,0,0,0,0,2,0,0,4,4,7,2,0,2,0,0,0,0,0,0,0,0,0,0
0,2,0,0,0,0,0,0,0,0,0,0,0,0,0,0,0,0,0,0,0,0,0,0,0,0,0,0,0,0,0,0,0,0,0,0,0,0,0,0,0,0,0,0,0,0,0,0,0,0,0,0,0,0,0,0,0,0,0,0,0,0,0,0,0,0,0,0,0,0,0,0,0,0,0,0,0,0,0
0,53,18,12,4,3,4,1,2,15,4,3,6,3,2,4,1,5,4,30,4,5,4,1,0,0,1,0,0,0,5,5,0,0,3,0,0,0,1,5,0,2,0,0,4,0,0,0,0,6,2,1,15,0,3,4,10,10,7,6,2,0,0,1,12,0,3,0,0,13,10,21,4,10,2,0,0,0,10
0,122,102,21,7,10,10,3,4,35,7,6,14,7,5,8,7,5,31,36,16,12,13,10,2,8,8,2,5,4,5,5,25,8,4,6,2,5,2,6,3,21,12,2,7,8,7,6,3,17,6,12,31,13,18,14,22,24,17,21,10,7,11,18,21,17,17,11,14,13,10,21,4,10,6,13,6,5,10
0,63,81,9,3,7,6,2,2,20,3,3,8,4,3,4,4,0,29,6,12,2,4,2,2,8,7,1,1,3,0,0,25,8,1,6,2,5,1,1,3,18,7,2,3,8,7,6,3,15,4,12,13,8,15,11,13,16,7,10,6,7,10,10,14,8,10,9,11,0,0,0,0,0,4,13,6,5,0
0,2,3,0,0,0,0,0,0,0,0,0,0,0,0,0,2,0,0,3,0,3,2,1,0,0,0,1,4,1,0,0,0,0,0,0,0,0,0,0,0,1,3,0,0,0,0,0,0,0,0,0,0,0,0,0,0,0,0,0,2,0,0,2,4,4,2,0,2,0,0,0,0,0,0,0,0,0,0
0,2,0,0,0,0,0,0,0,0,0,0,0,0,0,0,0,0,0,0,0,0,0,0,0,0,0,0,0,0,0,0,0,0,0,0,0,0,0,0,0,0,0,0,0,0,0,0,0,0,0,0,0,0,0,0,0,0,0,0,0,0,0,0,0,0,0,0,0,0,0,0,0,0,0,0,0,0,0
0,55,18,12,4,3,4,1,2,15,4,3,6,3,2,4,1,5,2,27,4,7,7,7,0,0,1,0,0,0,5,5,0,0,3,0,0,0,1,5,0,2,2,0,4,0,0,0,0,2,2,0,13,5,3,3,9,8,10,11,2,0,1,6,8,5,5,2,1,13,10,21,4,10,2,0,0,0,10
0,122,102,21,7,10,10,3,4,35,7,6,14,7,5,8,7,5,31,36,16,12,13,10,2,8,8,2,5,4,5,5,25,8,4,6,2,5,2,6,3,21,12,2,7,8,7,6,3,17,6,12,26,13,18,14,22,24,17,21,10,7,11,18,26,17,17,11,14,13,10,21,4,10,6,13,6,5,10
0,72,81,9,3,7,6,2,2,20,3,3,8,4,3,4,4,0,29,0,12,2,3,8,2,8,7,1,1,3,0,0,25,8,1,6,2,5,1,1,3,18,7,2,3,8,7,6,3,5,4,11,11,13,13,11,12,14,9,13,4,7,7,14,14,6,11,10,12,0,0,0,0,0,4,13,6,5,0
0,2,3,0,0,0,0,0,0,0,0,0,0,0,0,0,2,0,0,3,0,0,3,1,0,0,0,1,4,1,0,0,0,0,0,0,0,0,0,0,0,1,5,0,0,0,0,0,0,0,0,0,0,0,0,0,0,0,0,0,2,0,0,4,4,1,2,0,2,0,0,0,0,0,0,0,0,0,0
0,2,0,0,0,0,0,0,0,0,0,0,0,0,0,0,0,0,0,0,0,0,0,0,0,0,0,0,0,0,0,0,0,0,0,0,0,0,0,0,0,0,0,0,0,0,0,0,0,0,0,0,0,0,0,0,0,0,0,0,0,0,0,0,0,0,0,0,0,0,0,0,0,0,0,0,0,0,0
0,46,18,12,4,3,4,1,2,15,4,3,6,3,2,4,1,5,2,33,4,10,7,1,0,0,1,0,0,0,5,5,0,0,3,0,0,0,1,5,0,2,0,0,4,0,0,0,0,12,2,1,13,0,5,3,10,10,8,8,4,0,4,0,12,8,4,1,0,13,10,21,4,10,2,0,0,0,10
0,122,102,21,7,10,10,3,4,35,7,6,14,7,5,8,7,5,31,36,16,12,13,10,2,8,8,2,5,4,5,5,25,8,4,6,2,5,2,6,3,21,12,2,7,8,7,6,3,17,6,12,24,13,18,14,22,24,17,21,10,7,11,18,30,15,17,11,14,13,10,21,4,10,6,13,6,5,10
0,60,74,9,3,6,6,2,2,20,3,3,8,4,3,4,4,0,28,2,12,2,5,4,2,8,7,1,1,3,0,0,25,8,1,6,2,5,1,1,3,18,7,2,3,8,7,6,3,13,4,8,12,13,18,11,8,12,12,18,6,7,10,8,7,10,12,11,12,0,0,0,0,0,4,13,6,5,0
0,2,3,0,0,0,0,0,0,0,0,0,0,0,0,0,2,0,0,3,0,5,1,1,0,0,0,1,4,1,0,0,0,0,0,0,0,0,0,0,0,1,5,0,0,0,0,0,0,0,0,0,0,0,0,0,0,0,0,0,2,0,0,4,4,7,2,0,2,0,0,0,0,0,0,0,0,0,0
0,2,0,0,0,0,0,0,0,0,0,0,0,0,0,0,0,0,0,0,0,0,0,0,0,0,0,0,0,0,0,0,0,0,0,0,0,0,0,0,0,0,0,0,0,0,0,0,0,0,0,0,0,0,0,0,0,0,0,0,0,0,0,0,0,0,0,0,0,0,0,0,0,0,0,0,0,0,0
0,55,25,12,4,4,4,1,2,15,4,3,6,3,2,4,1,5,3,31,4,5,7,5,0,0,1,0,0,0,5,5,0,0,3,0,0,0,1,5,0,2,0,0,4,0,0,0,0,4,2,4,13,0,0,3,14,12,5,3,2,0,1,6,19,0,3,0,0,13,10,21,4,10,2,0,0,0,10
0,119,102,21,7,10,10,3,4,35,7,6,14,7,5,8,7,5,31,36,16,12,13,10,2,8,8,2,5,4,5,5,25,8,4,6,2,5,2,6,3,21,12,2,7,8,7,6,3,17,6,12,25,13,18,14,22,24,17,21,10,7,11,18,30,17,17,11,14,13,10,21,4,10,6,13,6,5,10
