0,32,51,3,3,1,3,2,2,10,3,3,8,4,3,4,4,0,29,2,12,2,2,7,2,8,7,1,1,3,0,0,25,8,1,6,2,5,1,1,3,18,7,2,3,8,7,4,3,8,4,11,4,7,11,8,6,11,8,9,6,7,3,8,2,10,10,8,6,0,0,0,0,0,4,13,6,5,0
0,2,3,0,0,0,0,0,0,0,0,0,0,0,0,0,2,0,0,3,0,1,3,1,0,0,0,1,4,1,0,0,0,0,0,0,0,0,0,0,0,1,5,0,0,0,0,0,0,0,0,0,0,0,0,0,0,0,0,0,2,0,0,4,4,7,2,0,2,0,0,0,0,0,0,0,0,0,0
0,2,0,0,0,0,0,0,0,0,0,0,0,0,0,0,0,0,0,0,0,0,0,0,0,0,0,0,0,0,0,0,0,0,0,0,0,0,0,0,0,0,0,0,0,0,0,0,0,0,0,0,0,0,0,0,0,0,0,0,0,0,0,0,0,0,0,0,0,0,0,0,0,0,0,0,0,0,0
0,86,48,18,4,9,7,1,2,25,4,3,6,3,2,4,1,5,2,31,4,9,8,2,0,0,1,0,0,0,5,5,0,0,3,0,0,0,1,5,0,2,0,0,4,0,0,2,0,9,2,1,18,6,7,6,16,13,9,12,2,0,8,6,24,0,5,3,6,13,10,21,4,10,2,0,0,0,10
0,122,102,21,7,10,10,3,4,35,7,6,14,7,5,8,7,5,31,36,16,12,13,10,2,8,8,2,5,4,5,5,25,8,4,6,2,5,2,6,3,21,12,2,7,8,7,6,3,17,6,12,22,13,18,14,22,24,17,21,10,7,11,18,30,17,17,11,14,13,10,21,4,10,6,13,6,5,10
0,37,50,3,3,4,4,2,2,2,2,2,7,3,2,1,4,0,29,3,12,2,5,7,2,8,7,1,1,3,0,0,25,8,1,6,2,5,1,1,3,18,7,2,3,8,5,6,3,9,4,8,5,10,2,11,10,7,6,8,6,4,11,7,6,10,6,11,9,0,0,0,0,0,4,13,6,5,0
0,2,3,0,0,0,0,0,0,0,0,0,0,0,0,0,2,0,0,3,0,5,5,1,0,0,0,1,4,1,0,0,0,0,0,0,0,0,0,0,0,1,5,0,0,0,0,0,0,0,0,0,0,0,0,0,0,0,0,0,2,0,0,4,4,7,2,0,2,0,0,0,0,0,0,0,0,0,0
0,2,0,0,0,0,0,0,0,0,0,0,0,0,0,0,0,0,0,0,0,0,0,0,0,0,0,0,0,0,0,0,0,0,0,0,0,0,0,0,0,0,0,0,0,0,0,0,0,0,0,0,0,0,0,0,0,0,0,0,0,0,0,0,0,0,0,0,0,0,0,0,0,0,0,0,0,0,0
0,81,49,18,4,6,6,1,2,33,5,4,7,4,3,7,1,5,2,30,4,5,3,2,0,0,1,0,0,0,5,5,0,0,3,0,0,0,1,5,0,2,0,0,4,0,2,0,0,8,2,4,22,3,16,3,10,17,11,13,2,3,0,7,17,0,9,0,3,13,10,21,4,10,2,0,0,0,10
0,122,102,21,7,10,10,3,4,35,7,6,14,7,5,8,7,5,31,36,16,12,13,10,2,8,8,2,5,4,5,5,25,8,4,6,2,5,2,6,3,21,12,2,7,8,7,6,3,17,6,12,27,13,18,14,20,24,17,21,10,7,11,18,27,17,17,11,14,13,10,21,4,10,6,13,6,5,10
0,42,45,4,3,3,5,2,2,8,3,3,5,3,3,3,4,0,29,4,12,2,5,8,2,8,7,1,1,3,0,0,25,8,1,6,2,5,1,1,3,18,7,2,3,8,7,6,3,13,4,6,10,5,13,5,9,5,5,8,6,7,11,11,11,7,6,5,11,0,0,0,0,0,4,13,6,5,0
0,2,3,0,0,0,0,0,0,0,0,0,0,0,0,0,2,0,0,3,0,2,3,1,0,0,0,1,4,1,0,0,0,0,0,0,0,0,0,0,0,1,5,0,0,0,0,0,0,0,0,0,0,0,0,0,0,0,0,0,2,0,0,4,4,7,2,0,2,0,0,0,0,0,0,0,0,0,0
0,2,0,0,0,0,0,0,0,0,0,0,0,0,0,0,0,0,0,0,0,0,0,0,0,0,0,0,0,0,0,0,0,0,0,0,0,0,0,0,0,0,0,0,0,0,0,0,0,0,0,0,0,0,0,0,0,0,0,0,0,0,0,0,0,0,0,0,0,0,0,0,0,0,0,0,0,0,0
0,76,54,17,4,7,5,1,2,27,4,3,9,4,2,5,1,5,2,29,4,8,5,1,0,0,1,0,0,0,5,5,0,0,3,0,0,0,1,5,0,2,0,0,4,0,0,0,0,4,2,6,16,8,5,9,13,15,12,13,2,0,0,3,15,3,9,6,1,13,10,21,4,10,2,0,0,0,10
0,122,102,21,7,10,10,3,4,35,7,6,14,7,5,8,7,5,31,36,16,12,13,10,2,8,8,2,5,4,5,5,25,8,4,6,2,5,2,6,3,21,12,2,7,8,7,6,3,17,6,12,26,13,18,14,22,20,17,21,10,7,11,18,30,17,17,11,14,13,10,21,4,10,6,13,6,5,10
0,40,41,6,3,1,5,2,2,3,3,3,7,4,3,4,4,0,29,5,12,2,3,7,2,8,7,1,1,3,0,0,25,8,1,6,2,5,1,1,3,18,7,2,3,8,7,6,3,15,4,10,6,5,8,7,12,8,7,6,6,7,10,9,9,7,11,8,8,0,0,0,0,0,4,13,6,5,0
0,2,3,0,0,0,0,0,0,0,0,0,0,0,0,0,2,0,0,3,0,2,6,1,0,0,0,1,4,1,0,0,0,0,0,0,0,0,0,0,0,1,5,0,0,0,0,0,0,0,0,0,0,0,0,0,0,0,0,0,2,0,0,4,4,7,2,0,2,0,0,0,0,0,0,0,0,0,0
0,2,0,0,0,0,0,0,0,0,0,0,0,0,0,0,0,0,0,0,0,0,0,0,0,0,0,0,0,0,0,0,0,0,0,0,0,0,0,0,0,0,0,0,0,0,0,0,0,0,0,0,0,0,0,0,0,0,0,0,0,0,0,0,0,0,0,0,0,0,0,0,0,0,0,0,0,0,0
0,78,58,15,4,9,5,1,2,32,4,3,7,3,2,4,1,5,2,28,4,8,4,2,0,0,1,0,0,0,5,5,0,0,3,0,0,0,1,5,0,2,0,0,4,0,0,0,0,2,2,2,18,8,10,7,10,16,10,14,2,0,1,5,16,3,4,3,4,13,10,21,4,10,2,0,0,0,10
0,122,102,21,7,10,10,3,4,35,7,6,14,7,5,8,7,5,31,36,16,12,13,10,2,8,8,2,5,4,5,5,25,8,4,6,2,5,2,6,3,21,12,2,7,8,7,6,3,17,6,12,24,13,18,14,22,24,17,20,10,7,11,18,29,17,17,11,14,13,10,21,4,10,6,13,6,5,10
0,40,50,5,1,2,5,2,2,6,3,3,2,3,3,3,3,0,29,4,12,2,5,8,2,8,7,1,1,3,0,0,25,8,1,6,2,5,1,1,3,18,7,2,3,8,7,6,3,12,4,5,11,8,10,9,13,2,8,8,6,7,9,12,6,10,5,5,4,0,0,0,0,0,4,13,6,5,0
0,2,3,0,0,0,0,0,0,0,0,0,0,0,0,0,2,0,0,3,0,5,3,1,0,0,0,1,4,1,0,0,0,0,0,0,0,0,0,0,0,1,5,0,0,0,0,0,0,0,0,0,0,0,0,0,0,0,0,0,2,0,0,4,4,7,2,0,2,0,0,0,0,0,0,0,0,0,0
0,2,0,0,0,0,0,0,0,0,0,0,0,0,0,0,0,0,0,0,0,0,0,0,0,0,0,0,0,0,0,0,0,0,0,0,0,0,0,0,0,0,0,0,0,0,0,0,0,0,0,0,0,0,0,0,0,0,0,0,0,0,0,0,0,0,0,0,0,0,0,0,0,0,0,0,0,0,0
0,78,49,16,6,8,5,1,2,29,4,3,12,4,2,5,2,5,2,29,4,5,5,1,0,0,1,0,0,0,5,5,0,0,3,0,0,0,1,5,0,2,0,0,4,0,0,0,0,5,2,7,20,5,8,5,9,22,9,13,2,0,2,2,10,0,10,6,8,13,10,21,4,10,2,0,0,0,10
0,122,102,21,7,10,10,3,4,35,7,6,14,7,5,8,7,5,31,36,16,12,13,10,2,8,8,2,5,4,5,5,25,8,4,6,2,5,2,6,3,21,12,2,7,8,7,6,3,17,6,12,31,13,18,14,22,24,17,21,10,7,11,18,20,17,17,11,14,13,10,21,4,10,6,13,6,5,10
0,34,56,4,3,7,3,2,2,2,3,2,3,4,3,4,4,0,29,4,12,2,5,4,2,8,7,1,1,3,0,0,25,8,1,6,2,5,1,1,3,18,7,2,3,8,4,6,3,6,4,9,3,11,9,7,7,6,4,6,6,7,9,8,13,9,8,8,8,0,0,0,0,0,4,13,6,5,0
0,2,3,0,0,0,0,0,0,0,0,0,0,0,0,0,2,0,0,3,0,6,1,1,0,0,0,1,4,1,0,0,0,0,0,0,0,0,0,0,0,1,5,0,0,0,0,0,0,0,0,0,0,0,0,0,0,0,0,0,2,0,0,4,4,3,2,0,2,0,0,0,0,0,0,0,0,0,0
0,2,0,0,0,0,0,0,0,0,0,0,0,0,0,0,0,0,0,0,0,0,0,0,0,0,0,0,0,0,0,0,0,0,0,0,0,0,0,0,0,0,0,0,0,0,0,0,0,0,0,0,0,0,0,0,0,0,0,0,0,0,0,0,0,0,0,0,0,0,0,0,0,0,0,0,0,0,0
0,84,43,17,4,3,7,1,2,33,4,4,11,3,2,4,1,5,2,29,4,4,7,5,0,0,1,0,0,0,5,5,0,0,3,0,0,0,1,5,0,2,0,0,4,0,3,0,0,11,2,3,19,2,9,7,15,18,13,15,2,0,2,6,13,5,7,3,4,13,10,21,4,10,2,0,0,0,10
0,122,102,21,7,10,10,3,4,35,7,6,14,7,5,8,7,5,31,36,16,12,13,10,2,8,8,2,5,4,5,5,25,8,4,6,2,5,2,6,3,21,12,2,7,8,7,6,3,17,6,12,22,13,18,14,22,24,17,21,10,7,11,18,30,17,17,11,14,13,10,21,4,10,6,13,6,5,10
0,38,50,7,2,3,6,2,2,5,3,3,2,4,2,3,3,0,29,2,12,2,5,5,2,8,7,0,1,3,0,0,25,8,1,6,2,5,1,1,3,18,7,2,3,8,7,6,3,8,4,12,5,13,12,5,7,11,8,10,6,3,11,14,5,10,7,6,8,0,0,0,0,0,4,13,6,5,0
0,2,3,0,0,0,0,0,0,0,0,0,0,0,0,0,2,0,0,3,0,4,2,1,0,0,0,1,4,1,0,0,0,0,0,0,0,0,0,0,0,1,5,0,0,0,0,0,0,0,0,0,0,0,0,0,0,0,0,0,2,0,0,4,4,5,2,0,2,0,0,0,0,0,0,0,0,0,0
0,2,0,0,0,0,0,0,0,0,0,0,0,0,0,0,0,0,0,0,0,0,0,0,0,0,0,0,0,0,0,0,0,0,0,0,0,0,0,0,0,0,0,0,0,0,0,0,0,0,0,0,0,0,0,0,0,0,0,0,0,0,0,0,0,0,0,0,0,0,0,0,0,0,0,0,0,0,0
0,80,49,14,5,7,4,1,2,30,4,3,12,3,3,5,2,5,2,31,4,6,6,4,0,0,1,1,0,0,5,5,0,0,3,0,0,0,1,5,0,2,0,0,4,0,0,0,0,9,2,0,26,0,6,9,15,13,9,11,2,4,0,0,12,2,8,5,4,13,10,21,4,10,2,0,0,0,10
0,122,102,21,7,10,10,3,4,35,7,6,14,7,5,8,7,5,31,36,16,12,13,10,2,8,8,2,5,4,5,5,25,8,4,6,2,5,2,6,3,21,12,2,7,8,7,6,3,17,6,12,31,13,18,14,22,24,17,21,10,7,11,18,21,17,17,11,14,13,10,21,4,10,6,13,6,5,10
0,42,63,4,3,5,4,2,2,4,3,3,3,4,3,4,4,0,29,3,12,2,1,5,2,8,7,1,1,3,0,0,25,8,1,6,2,5,1,1,3,18,7,2,3,8,3,6,3,4,4,8,12,13,5,10,8,6,7,8,6,6,10,9,8,4,7,11,5,0,0,0,0,0,4,13,6,5,0
0,2,3,0,0,0,0,0,0,0,0,0,0,0,0,0,2,0,0,3,0,3,2,1,0,0,0,1,4,1,0,0,0,0,0,0,0,0,0,0,0,1,5,0,0,0,0,0,0,0,0,0,0,0,0,0,0,0,0,0,2,0,0,4,4,7,2,0,2,0,0,0,0,0,0,0,0,0,0
0,2,0,0,0,0,0,0,0,0,0,0,0,0,0,0,0,0,0,0,0,0,0,0,0,0,0,0,0,0,0,0,0,0,0,0,0,0,0,0,0,0,0,0,0,0,0,0,0,0,0,0,0,0,0,0,0,0,0,0,0,0,0,0,0,0,0,0,0,0,0,0,0,0,0,0,0,0,0
0,76,36,17,4,5,6,1,2,31,4,3,11,3,2,4,1,5,2,30,4,7,10,4,0,0,1,0,0,0,5,5,0,0,3,0,0,0,1,5,0,2,0,0,4,0,4,0,0,13,2,4,19,0,13,4,13,12,10,13,2,1,1,5,16,6,8,0,7,13,10,21,4,10,2,0,0,0,10
0,122,102,21,7,10,10,3,4,35,7,6,14,7,5,8,7,5,31,36,16,12,13,10,2,8,8,2,5,4,5,5,25,8,4,6,2,5,2,6,3,21,12,2,7,8,7,6,3,17,6,12,31,13,18,14,21,18,17,21,10,7,11,18,28,17,17,11,14,13,10,21,4,10,6,13,6,5,10
0,43,46,6,3,5,6,2,2,4,3,3,5,2,3,1,4,0,29,2,12,2,5,3,2,8,7,1,0,3,0,0,25,8,1,6,2,5,1,1,3,18,7,2,3,8,7,6,3,4,4,10,7,0,9,11,10,7,11,8,6,7,11,6,8,10,5,9,9,0,0,0,0,0,4,13,6,5,0
0,2,3,0,0,0,0,0,0,0,0,0,0,0,0,0,2,0,0,3,0,2,0,1,0,0,0,1,4,1,0,0,0,0,0,0,0,0,0,0,0,1,5,0,0,0,0,0,0,0,0,0,0,0,0,0,0,0,0,0,2,0,0,4,4,7,2,0,2,0,0,0,0,0,0,0,0,0,0
0,2,0,0,0,0,0,0,0,0,0,0,0,0,0,0,0,0,0,0,0,0,0,0,0,0,0,0,0,0,0,0,0,0,0,0,0,0,0,0,0,0,0,0,0,0,0,0,0,0,0,0,0,0,0,0,0,0,0,0,0,0,0,0,0,0,0,0,0,0,0,0,0,0,0,0,0,0,0
0,75,53,15,4,5,4,1,2,31,4,3,9,5,2,7,1,5,2,31,4,8,8,6,0,0,1,0,1,0,5,5,0,0,3,0,0,0,1,5,0,2,0,0,4,0,0,0,0,13,2,2,19,13,9,3,12,17,6,12,2,0,0,8,15,0,10,2,3,13,10,21,4,10,2,0,0,0,10
0,122,102,21,7,10,10,3,4,35,7,6,14,7,5,8,7,5,31,36,16,12,13,10,2,8,8,2,5,4,5,5,25,8,4,6,2,5,2,6,3,21,12,2,7,8,7,6,3,17,6,12,26,13,18,14,22,24,17,20,10,7,11,18,27,17,17,11,14,13,10,21,4,10,6,13,6,5,10
0,47,49,2,3,7,6,2,2,5,2,3,6,4,3,4,4,0,29,7,12,2,5,3,2,8,7,1,1,3,0,0,25,8,1,6,2,5,1,1,3,18,7,2,3,8,7,6,3,8,4,11,10,3,7,6,13,11,10,9,6,6,6,2,14,7,4,10,9,0,0,0,0,0,4,13,6,5,0
0,2,3,0,0,0,0,0,0,0,0,0,0,0,0,0,2,0,0,3,0,7,3,1,0,0,0,1,4,1,0,0,0,0,0,0,0,0,0,0,0,1,5,0,0,0,0,0,0,0,0,0,0,0,0,0,0,0,0,0,2,0,0,4,4,7,2,0,2,0,0,0,0,0,0,0,0,0,0
0,2,0,0,0,0,0,0,0,0,0,0,0,0,0,0,0,0,0,0,0,0,0,0,0,0,0,0,0,0,0,0,0,0,0,0,0,0,0,0,0,0,0,0,0,0,0,0,0,0,0,0,0,0,0,0,0,0,0,0,0,0,0,0,0,0,0,0,0,0,0,0,0,0,0,0,0,0,0
0,71,50,19,4,3,4,1,2,30,5,3,8,3,2,4,1,5,2,26,4,3,5,6,0,0,1,0,0,0,5,5,0,0,3,0,0,0,1,5,0,2,0,0,4,0,0,0,0,9,2,1,15,10,11,8,9,13,7,12,2,1,5,12,9,3,11,1,3,13,10,21,4,10,2,0,0,0,10
0,122,102,21,7,10,10,3,4,35,7,6,14,7,5,8,7,5,31,36,16,12,13,10,2,8,8,2,5,4,5,5,25,8,4,6,2,5,2,6,3,21,12,2,7,8,7,6,3,17,6,12,25,13,18,14,22,24,17,21,10,7,11,18,27,17,17,11,14,13,10,21,4,10,6,13,6,5,10
