0,75,81,9,3,7,6,2,2,20,3,3,8,4,3,4,4,0,20,2,10,2,5,2,2,8,7,1,1,3,0,0,25,8,1,6,2,5,1,1,3,18,7,2,3,8,7,6,3,15,4,12,19,13,18,11,14,16,12,13,6,7,11,14,22,10,12,10,12,0,0,0,0,0,4,13,6,5,0
0,2,3,0,0,0,0,0,0,0,0,0,0,0,0,0,2,0,0,3,0,2,5,1,0,0,0,1,4,1,0,0,0,0,0,0,0,0,0,0,0,1,4,0,0,0,0,0,0,0,0,0,0,0,0,0,0,0,0,0,2,0,0,3,2,2,2,0,2,0,0,0,0,0,0,0,0,0,0
0,2,0,0,0,0,0,0,0,0,0,0,0,0,0,0,0,0,0,0,0,0,0,0,0,0,0,0,0,0,0,0,0,0,0,0,0,0,0,0,0,0,0,0,0,0,0,0,0,0,0,0,0,0,0,0,0,0,0,0,0,0,0,0,0,0,0,0,0,0,0,0,0,0,0,0,0,0,0
0,35,18,12,4,3,4,1,2,15,4,3,6,3,2,4,1,5,11,31,6,8,3,7,0,0,1,0,0,0,5,5,0,0,3,0,0,0,1,5,0,2,1,0,4,0,0,0,0,2,2,0,12,0,0,3,8,8,5,7,2,0,0,1,6,5,3,1,0,13,10,21,4,10,2,0,0,0,10
0,114,102,21,7,10,10,3,4,35,7,6,14,7,5,8,7,5,31,36,16,12,13,10,2,8,8,2,5,4,5,5,25,8,4,6,2,5,2,6,3,21,12,2,7,8,7,6,3,17,6,12,31,13,18,14,22,24,17,20,10,7,11,18,30,17,17,11,14,13,10,21,4,10,6,13,6,5,10
0,85,81,9,3,7,6,2,2,20,3,3,8,4,3,4,4,0,21,3,12,2,3,4,2,8,7,1,0,3,0,0,25,8,1,6,2,5,1,1,3,18,7,2,3,8,7,6,3,15,4,12,21,12,18,11,14,13,12,18,6,7,11,14,21,10,12,11,12,0,0,0,0,0,4,13,6,5,0
0,2,3,0,0,0,0,0,0,0,0,0,0,0,0,0,2,0,0,3,0,2,3,1,0,0,0,1,4,1,0,0,0,0,0,0,0,0,0,0,0,1,4,0,0,0,0,0,0,0,0,0,0,0,0,0,0,0,0,0,2,0,0,2,4,2,2,0,2,0,0,0,0,0,0,0,0,0,0
0,2,0,0,0,0,0,0,0,0,0,0,0,0,0,0,0,0,0,0,0,0,0,0,0,0,0,0,0,0,0,0,0,0,0,0,0,0,0,0,0,0,0,0,0,0,0,0,0,0,0,0,0,0,0,0,0,0,0,0,0,0,0,0,0,0,0,0,0,0,0,0,0,0,0,0,0,0,0
0,29,18,12,4,3,4,1,2,15,4,3,6,3,2,4,1,5,10,26,4,8,7,5,0,0,1,0,0,0,5,5,0,0,3,0,0,0,1,5,0,2,1,0,4,0,0,0,0,2,2,0,10,1,0,3,8,11,5,3,2,0,0,2,5,5,3,0,0,13,10,21,4,10,2,0,0,0,10
0,118,102,21,7,10,10,3,4,35,7,6,14,7,5,8,7,5,31,32,16,12,13,10,2,8,8,2,4,4,5,5,25,8,4,6,2,5,2,6,3,21,12,2,7,8,7,6,3,17,6,12,31,13,18,14,22,24,17,21,10,7,11,18,30,17,17,11,14,13,10,21,4,10,6,13,6,5,10
0,75,81,9,3,7,6,2,2,20,3,3,8,4,3,4,4,0,20,2,12,1,5,4,2,8,7,1,1,3,0,0,25,8,1,6,2,5,1,1,3,18,7,2,3,8,7,6,3,10,4,12,19,13,18,11,14,24,12,18,6,7,11,13,10,10,12,11,12,0,0,0,0,0,4,13,6,5,0
0,2,3,0,0,0,0,0,0,0,0,0,0,0,0,0,2,0,0,3,0,3,4,1,0,0,0,0,4,1,0,0,0,0,0,0,0,0,0,0,0,1,2,0,0,0,0,0,0,0,0,0,0,0,0,0,0,0,0,0,1,0,0,4,4,5,2,0,2,0,0,0,0,0,0,0,0,0,0
0,2,0,0,0,0,0,0,0,0,0,0,0,0,0,0,0,0,0,0,0,0,0,0,0,0,0,0,0,0,0,0,0,0,0,0,0,0,0,0,0,0,0,0,0,0,0,0,0,0,0,0,0,0,0,0,0,0,0,0,0,0,0,0,0,0,0,0,0,0,0,0,0,0,0,0,0,0,0
0,43,18,12,4,3,4,1,2,15,4,3,6,3,2,4,1,5,11,31,4,8,4,5,0,0,1,0,0,0,5,5,0,0,3,0,0,0,1,5,0,2,3,0,4,0,0,0,0,7,2,0,8,0,0,3,5,0,5,3,3,0,0,1,15,2,3,0,0,13,10,21,4,10,2,0,0,0,10
0,122,102,21,7,10,10,3,4,35,7,6,14,7,5,8,7,5,31,36,16,12,13,10,2,8,8,1,5,4,5,5,25,8,4,6,2,5,2,6,3,21,12,2,7,8,7,6,3,17,6,12,27,13,18,14,19,24,17,21,10,7,11,18,29,17,17,11,14,13,10,21,4,10,6,13,6,5,10
0,82,81,9,3,7,6,2,2,20,3,3,8,4,3,4,4,0,17,0,12,2,3,4,2,8,7,1,1,3,0,0,25,8,1,6,2,5,1,1,3,18,7,2,3,8,7,6,3,15,4,12,15,13,18,11,14,16,12,13,6,7,11,14,20,10,12,11,12,0,0,0,0,0,4,13,6,5,0
0,2,3,0,0,0,0,0,0,0,0,0,0,0,0,0,2,0,0,3,0,1,4,1,0,0,0,1,4,1,0,0,0,0,0,0,0,0,0,0,0,1,5,0,0,0,0,0,0,0,0,0,0,0,0,0,0,0,0,0,2,0,0,3,4,3,2,0,2,0,0,0,0,0,0,0,0,0,0
0,2,0,0,0,0,0,0,0,0,0,0,0,0,0,0,0,0,0,0,0,0,0,0,0,0,0,0,0,0,0,0,0,0,0,0,0,0,0,0,0,0,0,0,0,0,0,0,0,0,0,0,0,0,0,0,0,0,0,0,0,0,0,0,0,0,0,0,0,0,0,0,0,0,0,0,0,0,0
0,29,18,12,4,3,4,1,2,15,4,3,6,3,2,4,1,5,14,33,4,9,6,5,0,0,1,0,0,0,5,5,0,0,3,0,0,0,1,5,0,2,0,0,4,0,0,0,0,2,2,0,16,0,0,3,8,8,5,6,2,0,0,1,6,4,3,0,0,13,10,21,4,10,2,0,0,0,10
0,115,102,21,7,10,10,3,4,35,7,6,14,7,5,8,7,5,31,36,16,12,13,10,2,8,8,2,5,4,5,5,25,8,4,6,2,5,2,6,3,21,12,2,7,8,7,6,3,17,6,12,31,13,18,14,22,24,17,19,10,7,11,18,30,17,17,11,14,13,10,21,4,10,6,13,6,5,10
0,74,81,9,3,7,6,2,2,20,3,3,8,4,3,4,4,0,26,1,12,2,4,0,2,8,7,1,1,3,0,0,25,8,1,6,2,5,1,1,3,18,7,2,3,8,7,6,3,13,4,12,23,13,15,11,12,16,12,14,6,7,11,11,11,10,12,11,11,0,0,0,0,0,4,13,6,5,0
0,2,3,0,0,0,0,0,0,0,0,0,0,0,0,0,2,0,0,3,0,4,3,1,0,0,0,1,4,1,0,0,0,0,0,0,0,0,0,0,0,1,1,0,0,0,0,0,0,0,0,0,0,0,0,0,0,0,0,0,2,0,0,3,4,7,2,0,2,0,0,0,0,0,0,0,0,0,0
0,2,0,0,0,0,0,0,0,0,0,0,0,0,0,0,0,0,0,0,0,0,0,0,0,0,0,0,0,0,0,0,0,0,0,0,0,0,0,0,0,0,0,0,0,0,0,0,0,0,0,0,0,0,0,0,0,0,0,0,0,0,0,0,0,0,0,0,0,0,0,0,0,0,0,0,0,0,0
0,41,18,12,4,3,4,1,2,15,4,3,6,3,2,4,1,5,5,32,4,6,6,9,0,0,1,0,0,0,5,5,0,0,3,0,0,0,1,5,0,2,4,0,4,0,0,0,0,4,2,0,8,0,3,3,10,8,5,7,2,0,0,4,9,0,3,0,1,13,10,21,4,10,2,0,0,0,10
0,119,102,21,7,10,10,3,4,35,7,6,14,7,5,8,7,5,31,36,16,12,13,10,2,8,8,2,5,4,5,5,25,8,4,6,2,5,2,6,3,21,12,2,7,8,7,6,3,17,6,12,31,13,18,14,22,24,17,21,10,7,11,18,24,17,17,11,14,13,10,21,4,10,6,13,6,5,10
0,72,81,9,3,7,6,2,2,20,3,3,8,4,3,4,4,0,19,2,12,2,5,8,2,8,7,1,0,3,0,0,25,8,1,6,2,5,1,1,3,18,7,2,3,8,7,6,3,12,4,12,18,13,13,11,14,21,12,18,6,7,11,14,19,10,12,11,12,0,0,0,0,0,4,13,6,5,0
0,2,3,0,0,0,0,0,0,0,0,0,0,0,0,0,2,0,0,3,0,6,5,1,0,0,0,1,4,1,0,0,0,0,0,0,0,0,0,0,0,1,5,0,0,0,0,0,0,0,0,0,0,0,0,0,0,0,0,0,2,0,0,4,4,7,2,0,2,0,0,0,0,0,0,0,0,0,0
0,2,0,0,0,0,0,0,0,0,0,0,0,0,0,0,0,0,0,0,0,0,0,0,0,0,0,0,0,0,0,0,0,0,0,0,0,0,0,0,0,0,0,0,0,0,0,0,0,0,0,0,0,0,0,0,0,0,0,0,0,0,0,0,0,0,0,0,0,0,0,0,0,0,0,0,0,0,0
0,43,18,12,4,3,4,1,2,15,4,3,6,3,2,4,1,5,12,25,4,4,3,1,0,0,1,0,1,0,5,5,0,0,3,0,0,0,1,5,0,2,0,0,4,0,0,0,0,5,2,0,13,0,5,3,8,3,5,3,2,0,0,0,7,0,3,0,0,13,10,21,4,10,2,0,0,0,10
0,119,102,21,7,10,10,3,4,35,7,6,14,7,5,8,7,5,31,30,16,12,13,10,2,8,8,2,5,4,5,5,25,8,4,6,2,5,2,6,3,21,12,2,7,8,7,6,3,17,6,12,31,13,18,14,22,24,17,21,10,7,11,18,30,17,17,11,14,13,10,21,4,10,6,13,6,5,10
0,80,81,9,3,7,6,2,2,20,3,3,8,4,3,4,4,0,11,2,12,2,5,8,2,8,7,0,1,3,0,0,25,8,1,6,2,5,1,1,3,18,7,2,3,8,7,6,3,15,4,12,16,13,18,11,14,20,12,14,6,7,11,14,19,10,12,11,12,0,0,0,0,0,4,13,6,5,0
0,2,3,0,0,0,0,0,0,0,0,0,0,0,0,0,2,0,0,3,0,4,3,1,0,0,0,1,4,1,0,0,0,0,0,0,0,0,0,0,0,1,5,0,0,0,0,0,0,0,0,0,0,0,0,0,0,0,0,0,2,0,0,4,4,7,2,0,2,0,0,0,0,0,0,0,0,0,0
0,2,0,0,0,0,0,0,0,0,0,0,0,0,0,0,0,0,0,0,0,0,0,0,0,0,0,0,0,0,0,0,0,0,0,0,0,0,0,0,0,0,0,0,0,0,0,0,0,0,0,0,0,0,0,0,0,0,0,0,0,0,0,0,0,0,0,0,0,0,0,0,0,0,0,0,0,0,0
0,30,18,12,4,3,4,1,2,15,4,3,6,3,2,4,1,5,18,31,4,6,5,1,0,0,1,1,0,0,5,5,0,0,3,0,0,0,1,5,0,2,0,0,4,0,0,0,0,2,2,0,15,0,0,3,8,4,5,7,2,0,0,0,7,0,3,0,0,13,10,21,4,10,2,0,0,0,10
0,114,102,21,7,10,10,3,4,35,7,6,14,7,5,8,7,5,29,36,16,12,13,10,2,8,8,2,5,4,5,5,25,8,4,6,2,5,2,6,3,21,12,2,7,8,7,6,3,17,6,12,31,13,18,14,22,24,17,21,10,7,11,18,30,17,17,11,14,13,10,21,4,10,6,13,6,5,10
0,78,81,9,3,7,6,2,2,20,3,3,8,4,3,4,4,0,22,1,12,0,5,8,2,8,7,1,0,3,0,0,25,8,1,6,2,5,1,1,3,18,7,2,3,8,7,6,3,15,4,12,19,13,15,11,14,13,12,18,6,7,11,14,10,10,12,11,11,0,0,0,0,0,4,13,6,5,0
0,2,3,0,0,0,0,0,0,0,0,0,0,0,0,0,2,0,0,3,0,3,2,1,0,0,0,1,4,1,0,0,0,0,0,0,0,0,0,0,0,1,5,0,0,0,0,0,0,0,0,0,0,0,0,0,0,0,0,0,2,0,0,4,4,4,2,0,2,0,0,0,0,0,0,0,0,0,0
0,2,0,0,0,0,0,0,0,0,0,0,0,0,0,0,0,0,0,0,0,0,0,0,0,0,0,0,0,0,0,0,0,0,0,0,0,0,0,0,0,0,0,0,0,0,0,0,0,0,0,0,0,0,0,0,0,0,0,0,0,0,0,0,0,0,0,0,0,0,0,0,0,0,0,0,0,0,0
0,40,18,12,4,3,4,1,2,15,4,3,6,3,2,4,1,5,9,32,4,9,6,1,0,0,1,0,1,0,5,5,0,0,3,0,0,0,1,5,0,2,0,0,4,0,0,0,0,2,2,0,12,0,3,3,8,7,5,3,2,0,0,0,11,3,3,0,1,13,10,21,4,10,2,0,0,0,10
0,122,102,21,7,10,10,3,4,35,7,6,14,7,5,8,7,5,31,36,16,12,13,10,2,8,8,2,5,4,5,5,25,8,4,6,2,5,2,6,3,21,12,2,7,8,7,6,3,17,6,12,31,13,18,14,22,20,17,21,10,7,11,18,25,17,17,11,14,13,10,21,4,10,6,13,6,5,10
0,80,81,9,3,7,6,2,2,20,3,3,8,4,3,4,4,0,29,0,12,2,5,2,2,8,7,1,1,3,0,0,25,8,1,6,2,5,1,1,3,18,7,2,3,8,5,6,3,13,4,10,20,10,13,11,14,17,12,12,6,7,7,14,15,10,12,11,12,0,0,0,0,0,4,13,6,5,0
0,2,3,0,0,0,0,0,0,0,0,0,0,0,0,0,2,0,0,3,0,8,0,0,0,0,0,1,4,1,0,0,0,0,0,0,0,0,0,0,0,1,5,0,0,0,0,0,0,0,0,0,0,0,0,0,0,0,0,0,2,0,0,4,0,0,2,0,2,0,0,0,0,0,0,0,0,0,0
0,2,0,0,0,0,0,0,0,0,0,0,0,0,0,0,0,0,0,0,0,0,0,0,0,0,0,0,0,0,0,0,0,0,0,0,0,0,0,0,0,0,0,0,0,0,0,0,0,0,0,0,0,0,0,0,0,0,0,0,0,0,0,0,0,0,0,0,0,0,0,0,0,0,0,0,0,0,0
0,38,18,12,4,3,4,1,2,15,4,3,6,3,2,4,1,5,2,33,4,2,8,8,0,0,1,0,0,0,5,5,0,0,3,0,0,0,1,5,0,2,0,0,4,0,2,0,0,4,2,2,11,3,5,3,7,7,5,9,2,0,4,0,7,7,3,0,0,13,10,21,4,10,2,0,0,0,10
0,122,102,21,7,10,10,3,4,35,7,6,14,7,5,8,7,5,31,36,16,12,13,10,2,8,8,2,5,4,5,5,25,8,4,6,2,5,2,6,3,21,12,2,7,8,7,6,3,17,6,12,31,13,18,14,21,24,17,21,10,7,11,18,22,17,17,11,14,13,10,21,4,10,6,13,6,5,10
0,85,81,9,3,7,6,2,2,20,3,3,8,4,3,4,4,0,14,1,12,1,5,5,2,8,7,1,1,3,0,0,25,8,1,6,2,5,1,1,3,18,7,2,3,8,7,6,3,14,4,12,16,13,14,11,14,17,12,18,6,7,11,12,21,10,12,11,11,0,0,0,0,0,4,13,6,5,0
0,2,3,0,0,0,0,0,0,0,0,0,0,0,0,0,2,0,0,3,0,4,3,1,0,0,0,1,4,1,0,0,0,0,0,0,0,0,0,0,0,1,5,0,0,0,0,0,0,0,0,0,0,0,0,0,0,0,0,0,2,0,0,4,4,6,2,0,2,0,0,0,0,0,0,0,0,0,0
0,2,0,0,0,0,0,0,0,0,0,0,0,0,0,0,0,0,0,0,0,0,0,0,0,0,0,0,0,0,0,0,0,0,0,0,0,0,0,0,0,0,0,0,0,0,0,0,0,0,0,0,0,0,0,0,0,0,0,0,0,0,0,0,0,0,0,0,0,0,0,0,0,0,0,0,0,0,0
0,25,18,12,4,3,4,1,2,15,4,3,6,3,2,4,1,5,17,32,4,7,5,4,0,0,1,0,0,0,5,5,0,0,3,0,0,0,1,5,0,2,0,0,4,0,0,0,0,3,2,0,14,0,4,3,8,7,5,3,2,0,0,2,5,1,3,0,1,13,10,21,4,10,2,0,0,0,10
0,114,102,21,7,10,10,3,4,35,7,6,14,7,5,8,7,5,31,36,16,12,13,10,2,8,8,2,5,4,5,5,25,8,4,6,2,5,2,6,3,21,12,2,7,8,7,6,3,17,6,12,30,13,18,14,22,24,17,21,10,7,11,18,30,17,17,11,14,13,10,21,4,10,6,13,6,5,10
